1213 110 12
0 1 1
0 2 1
0 3 1
0 4 1
0 5 0
0 6 1
0 7 1
0 8 1
0 9 1
0 10 0
0 11 0
0 12 1
0 13 1
0 14 1
0 15 1
0 16 1
0 17 1
0 18 1
0 19 1
0 20 1
0 21 1
0 22 1
0 23 1
0 24 1
0 25 1
0 26 1
0 27 0
0 28 1
0 29 1
0 30 1
0 31 1
0 32 1
0 33 0
0 34 1
0 35 1
0 36 1
0 37 1
0 38 1
0 39 1
0 40 1
0 41 1
0 42 1
0 43 1
0 44 1
0 45 0
0 46 1
0 47 1
0 48 0
0 49 0
0 50 1
0 51 1
0 52 0
0 53 1
0 54 1
0 55 1
0 56 1
0 58 1
0 59 0
0 60 0
0 61 1
0 62 1
0 63 1
0 64 1
0 65 1
0 66 1
0 68 0
0 69 1
0 70 1
0 71 1
0 72 0
0 73 1
0 74 1
0 75 1
0 76 0
0 77 1
0 78 1
0 79 1
0 80 1
0 81 1
0 82 1
0 83 1
0 84 1
0 85 1
0 86 1
0 87 1
0 88 1
0 89 0
0 90 1
0 92 1
0 93 1
0 94 0
0 95 0
0 96 0
0 97 1
0 98 1
0 99 1
0 100 0
0 101 1
0 102 1
0 103 1
0 104 1
0 105 1
0 106 1
0 107 0
0 108 1
0 109 0
1 0 0
1 1 1
1 2 0
1 3 1
1 4 0
1 5 0
1 6 1
1 7 1
1 8 0
1 9 0
1 10 1
1 11 1
1 12 1
1 13 0
1 14 0
1 15 1
1 16 1
1 17 1
1 18 0
1 20 1
1 21 1
1 22 0
1 23 0
1 24 0
1 25 0
1 26 0
1 27 1
1 28 0
1 29 1
1 30 0
1 32 1
1 33 0
1 34 0
1 35 1
1 36 1
1 37 1
1 38 0
1 40 1
1 41 1
1 42 0
1 43 1
1 44 0
1 45 0
1 46 1
1 47 1
1 48 1
1 49 0
1 50 1
1 51 1
1 52 0
1 53 0
1 54 1
1 55 0
1 56 0
1 57 1
1 58 0
1 59 1
1 60 1
1 61 0
1 62 0
1 63 1
1 64 1
1 65 1
1 66 0
1 67 1
1 68 0
1 69 0
1 70 0
1 71 0
1 72 1
1 73 0
1 74 1
1 76 0
1 77 0
1 78 0
1 79 1
1 80 1
1 81 0
1 82 0
1 83 1
1 84 1
1 85 0
1 86 1
1 88 1
1 89 1
1 90 0
1 91 1
1 92 0
1 93 1
1 94 1
1 95 1
1 96 1
1 98 0
1 99 0
1 100 0
1 103 1
1 104 0
1 105 0
1 106 1
1 107 0
1 108 1
1 109 0
2 0 0
2 1 1
2 2 1
2 3 1
2 4 1
2 5 0
2 7 1
2 8 0
2 10 1
2 11 0
2 12 1
2 13 1
2 14 0
2 15 1
2 16 1
2 17 1
2 19 1
2 20 1
2 21 1
2 22 1
2 23 0
2 25 1
2 26 1
2 27 1
2 28 1
2 29 0
2 30 0
2 33 1
2 34 0
2 35 1
2 36 0
2 37 1
2 38 1
2 41 1
2 42 0
2 43 0
2 44 1
2 45 1
2 46 0
2 48 1
2 49 1
2 50 0
2 51 0
2 52 0
2 53 0
2 54 0
2 55 0
2 56 0
2 57 0
2 58 0
2 59 1
2 60 0
2 61 0
2 62 0
2 63 1
2 64 0
2 65 1
2 66 1
2 68 0
2 69 0
2 70 0
2 71 1
2 73 0
2 74 0
2 76 1
2 77 1
2 78 0
2 79 1
2 80 0
2 81 1
2 82 1
2 83 0
2 84 0
2 85 0
2 86 1
2 87 0
2 88 1
2 89 1
2 90 1
2 91 0
2 92 1
2 93 1
2 94 0
2 95 1
2 96 0
2 98 0
2 99 0
2 100 1
2 101 0
2 102 0
2 103 1
2 104 0
2 105 1
2 106 1
2 107 0
2 109 1
3 0 0
3 1 1
3 2 0
3 3 0
3 5 1
3 6 1
3 7 1
3 8 0
3 9 0
3 10 1
3 11 0
3 12 1
3 13 0
3 14 0
3 15 1
3 16 0
3 17 0
3 18 0
3 19 0
3 21 1
3 22 0
3 23 1
3 24 0
3 26 0
3 27 0
3 28 1
3 29 0
3 30 0
3 31 0
3 33 1
3 34 1
3 35 0
3 36 0
3 38 0
3 39 1
3 40 1
3 41 0
3 42 0
3 43 0
3 44 0
3 45 1
3 46 0
3 47 0
3 48 0
3 49 0
3 50 0
3 51 0
3 52 1
3 53 1
3 54 1
3 55 0
3 56 0
3 57 0
3 58 0
3 59 1
3 60 1
3 61 1
3 62 1
3 63 1
3 64 0
3 65 1
3 66 1
3 67 1
3 68 0
3 69 1
3 70 0
3 71 0
3 72 0
3 73 0
3 74 1
3 76 0
3 77 1
3 78 0
3 79 1
3 80 1
3 81 1
3 82 0
3 83 1
3 84 0
3 85 0
3 86 1
3 87 0
3 88 0
3 89 1
3 90 1
3 91 1
3 92 1
3 93 0
3 94 0
3 95 1
3 96 1
3 97 0
3 98 0
3 99 0
3 100 1
3 103 1
3 104 1
3 105 0
3 106 0
3 107 0
3 108 0
3 109 0
4 0 0
4 1 1
4 2 0
4 3 1
4 4 0
4 5 0
4 6 1
4 7 1
4 8 1
4 9 0
4 10 0
4 11 0
4 13 0
4 14 0
4 15 1
4 16 1
4 17 1
4 19 1
4 20 1
4 21 1
4 22 1
4 23 0
4 24 0
4 25 1
4 26 0
4 27 1
4 28 1
4 29 1
4 30 0
4 33 1
4 34 0
4 35 0
4 36 1
4 37 1
4 38 0
4 39 1
4 41 1
4 42 0
4 43 1
4 44 0
4 45 1
4 47 1
4 48 1
4 49 1
4 50 1
4 51 1
4 52 0
4 53 1
4 54 1
4 55 1
4 56 1
4 57 1
4 58 1
4 59 1
4 60 0
4 61 1
4 62 1
4 63 1
4 64 1
4 65 1
4 66 0
4 67 0
4 68 0
4 69 1
4 70 0
4 71 1
4 72 1
4 73 1
4 74 1
4 76 0
4 77 1
4 78 0
4 80 1
4 82 0
4 83 0
4 84 1
4 85 0
4 86 1
4 87 0
4 88 1
4 89 1
4 90 1
4 91 1
4 92 1
4 93 1
4 94 1
4 95 0
4 96 1
4 97 1
4 98 0
4 99 1
4 100 0
4 101 0
4 103 1
4 104 1
4 105 1
4 106 1
4 107 1
4 108 1
4 109 0
5 1 1
5 2 0
5 3 0
5 4 0
5 5 0
5 6 1
5 7 0
5 8 0
5 9 0
5 10 1
5 11 1
5 12 0
5 13 1
5 14 0
5 15 0
5 18 1
5 20 0
5 21 1
5 22 0
5 23 0
5 25 0
5 26 0
5 27 0
5 28 0
5 29 1
5 30 1
5 32 0
5 33 1
5 34 0
5 35 0
5 36 0
5 37 0
5 38 1
5 39 1
5 40 1
5 41 0
5 42 0
5 43 0
5 44 0
5 45 1
5 46 1
5 47 0
5 48 0
5 49 0
5 50 0
5 51 1
5 52 1
5 53 0
5 54 1
5 55 0
5 56 0
5 57 0
5 58 0
5 59 0
5 60 0
5 61 1
5 62 0
5 63 0
5 64 0
5 65 0
5 66 1
5 67 1
5 68 1
5 69 0
5 70 1
5 71 0
5 72 0
5 73 1
5 74 0
5 75 0
5 76 0
5 77 0
5 78 0
5 79 0
5 80 1
5 81 0
5 82 0
5 83 0
5 84 1
5 85 0
5 86 0
5 87 0
5 88 0
5 89 0
5 91 0
5 92 0
5 93 0
5 94 1
5 95 1
5 96 0
5 97 0
5 98 0
5 99 0
5 100 0
5 101 0
5 102 0
5 103 0
5 104 1
5 106 0
5 107 0
5 108 0
5 109 0
6 0 0
6 1 1
6 2 0
6 4 0
6 5 0
6 7 0
6 8 0
6 9 0
6 10 0
6 11 1
6 12 0
6 13 0
6 14 0
6 15 0
6 16 0
6 17 1
6 18 1
6 19 0
6 20 0
6 21 0
6 22 0
6 23 0
6 24 0
6 25 0
6 26 1
6 27 1
6 28 1
6 29 1
6 30 0
6 31 0
6 32 0
6 33 0
6 34 1
6 35 1
6 36 1
6 37 0
6 38 1
6 39 0
6 40 0
6 41 0
6 42 0
6 43 0
6 44 0
6 45 0
6 46 1
6 47 0
6 48 1
6 49 1
6 50 0
6 51 0
6 53 0
6 54 0
6 55 0
6 56 0
6 57 1
6 58 0
6 59 1
6 60 0
6 61 0
6 62 0
6 63 0
6 64 0
6 65 0
6 66 0
6 68 1
6 69 0
6 70 0
6 71 0
6 72 0
6 73 0
6 74 0
6 75 0
6 76 0
6 77 0
6 78 1
6 79 0
6 80 0
6 81 0
6 82 1
6 83 1
6 84 1
6 85 0
6 86 0
6 87 0
6 88 0
6 89 0
6 90 1
6 91 1
6 92 0
6 93 1
6 94 0
6 95 1
6 96 1
6 98 0
6 99 0
6 101 1
6 102 0
6 103 0
6 104 0
6 105 1
6 106 1
6 107 0
6 108 0
6 109 0
7 0 0
7 1 1
7 2 0
7 3 0
7 4 1
7 5 0
7 6 0
7 7 1
7 8 0
7 9 0
7 10 0
7 11 0
7 12 1
7 13 0
7 14 0
7 15 0
7 16 1
7 17 1
7 18 0
7 19 1
7 20 1
7 21 1
7 22 1
7 23 0
7 24 1
7 25 1
7 26 0
7 27 1
7 28 0
7 30 0
7 31 0
7 32 0
7 33 0
7 34 1
7 35 1
7 36 0
7 37 0
7 38 1
7 39 0
7 40 0
7 41 1
7 42 0
7 43 0
7 44 1
7 45 0
7 46 0
7 47 0
7 48 1
7 49 1
7 50 1
7 51 1
7 52 0
7 53 0
7 54 0
7 55 0
7 56 0
7 57 0
7 58 0
7 59 0
7 60 0
7 61 1
7 62 1
7 63 1
7 64 0
7 66 1
7 67 0
7 68 1
7 69 0
7 70 0
7 71 0
7 72 0
7 73 0
7 74 0
7 75 0
7 76 0
7 77 1
7 78 1
7 79 0
7 80 0
7 81 0
7 82 0
7 83 0
7 84 0
7 85 0
7 86 0
7 87 0
7 88 0
7 91 1
7 92 0
7 94 1
7 95 1
7 96 0
7 97 1
7 98 0
7 99 0
7 100 1
7 101 0
7 103 1
7 104 1
7 105 1
7 106 0
7 107 0
7 108 0
7 109 1
8 0 0
8 1 0
8 2 0
8 3 0
8 4 0
8 5 0
8 6 0
8 8 0
8 10 1
8 11 0
8 12 1
8 13 1
8 14 0
8 15 0
8 16 1
8 17 1
8 18 1
8 19 0
8 20 1
8 21 1
8 22 1
8 24 0
8 25 1
8 26 1
8 27 1
8 28 1
8 29 0
8 30 0
8 31 0
8 33 1
8 34 1
8 35 1
8 36 0
8 37 1
8 38 0
8 39 0
8 40 0
8 41 0
8 42 1
8 43 1
8 44 1
8 45 0
8 46 0
8 47 0
8 48 1
8 49 0
8 50 0
8 51 0
8 52 1
8 53 0
8 54 1
8 55 0
8 56 1
8 57 0
8 58 0
8 59 0
8 60 0
8 61 1
8 62 1
8 63 1
8 64 0
8 65 1
8 66 0
8 67 0
8 68 1
8 69 0
8 70 0
8 71 1
8 72 0
8 73 1
8 74 0
8 76 0
8 77 1
8 78 0
8 79 1
8 80 1
8 81 0
8 82 1
8 83 0
8 84 0
8 85 0
8 86 1
8 88 1
8 89 0
8 90 0
8 91 0
8 92 0
8 93 1
8 94 0
8 95 1
8 96 0
8 97 0
8 98 0
8 99 1
8 100 1
8 103 0
8 104 1
8 105 1
8 106 1
8 107 1
9 0 0
9 1 0
9 2 0
9 3 0
9 5 0
9 6 0
9 7 0
9 8 0
9 9 0
9 10 0
9 11 1
9 12 0
9 13 0
9 14 0
9 15 0
9 16 1
9 17 0
9 18 0
9 19 0
9 20 1
9 21 1
9 22 0
9 23 0
9 25 0
9 26 0
9 27 1
9 28 0
9 29 1
9 30 1
9 31 0
9 32 0
9 33 1
9 34 1
9 35 0
9 36 0
9 37 0
9 39 0
9 40 0
9 41 0
9 42 1
9 43 1
9 44 0
9 45 1
9 46 0
9 47 0
9 48 0
9 49 0
9 50 0
9 51 0
9 52 1
9 53 0
9 54 1
9 55 0
9 56 0
9 57 0
9 58 0
9 59 0
9 60 1
9 61 1
9 62 0
9 63 0
9 64 0
9 65 0
9 66 0
9 67 1
9 68 0
9 69 0
9 70 0
9 71 1
9 72 1
9 73 1
9 74 0
9 75 1
9 76 1
9 77 0
9 78 1
9 79 0
9 80 0
9 81 0
9 82 0
9 83 0
9 84 1
9 85 0
9 86 0
9 87 0
9 88 0
9 89 0
9 90 0
9 91 1
9 92 1
9 93 0
9 94 1
9 95 0
9 96 0
9 97 1
9 98 0
9 99 0
9 100 1
9 101 1
9 102 0
9 103 0
9 104 1
9 105 0
9 106 0
9 107 1
9 108 0
9 109 0
10 0 1
10 1 1
10 2 0
10 4 0
10 5 0
10 6 0
10 7 1
10 8 0
10 10 1
10 11 0
10 14 0
10 15 0
10 16 1
10 18 0
10 19 0
10 22 1
10 23 0
10 24 0
10 25 1
10 26 0
10 27 0
10 28 0
10 29 1
10 30 0
10 32 0
10 33 1
10 34 0
10 35 1
10 36 0
10 37 1
10 38 0
10 39 0
10 40 1
10 41 0
10 42 1
10 43 1
10 44 0
10 45 1
10 46 0
10 47 0
10 48 0
10 49 0
10 50 0
10 51 0
10 52 1
10 53 0
10 54 0
10 55 0
10 56 0
10 57 0
10 58 0
10 59 0
10 60 0
10 61 0
10 62 0
10 63 0
10 64 1
10 65 0
10 66 0
10 67 0
10 68 1
10 69 0
10 70 1
10 71 1
10 72 0
10 73 0
10 74 0
10 76 0
10 77 0
10 78 1
10 79 1
10 80 1
10 81 0
10 82 1
10 83 0
10 84 0
10 85 0
10 86 0
10 87 0
10 88 0
10 89 0
10 90 1
10 91 1
10 92 0
10 94 0
10 95 0
10 96 0
10 97 1
10 98 0
10 99 0
10 101 0
10 104 0
10 105 1
10 106 0
10 107 1
10 108 1
10 109 0
11 1 0
11 2 0
11 3 1
11 5 1
11 6 1
11 7 0
11 8 1
11 9 1
11 10 0
11 12 1
11 13 0
11 14 0
11 15 0
11 18 1
11 19 1
11 20 1
11 21 1
11 22 0
11 23 1
11 24 0
11 27 0
11 28 0
11 29 0
11 30 1
11 31 1
11 32 0
11 33 1
11 34 1
11 35 0
11 36 0
11 37 0
11 39 1
11 41 1
11 43 0
11 44 0
11 45 0
11 46 0
11 47 1
11 48 0
11 49 0
11 51 1
11 52 1
11 53 1
11 54 0
11 55 1
11 56 1
11 57 1
11 58 1
11 59 1
11 60 1
11 61 0
11 62 0
11 63 1
11 64 1
11 65 1
11 66 0
11 67 1
11 68 0
11 69 1
11 70 0
11 71 1
11 72 1
11 73 1
11 74 1
11 76 0
11 77 0
11 78 0
11 79 1
11 80 0
11 82 1
11 83 1
11 84 1
11 85 1
11 86 0
11 87 1
11 88 1
11 89 1
11 92 1
11 94 0
11 95 1
11 96 1
11 97 1
11 98 1
11 99 0
11 100 0
11 101 0
11 103 1
11 104 0
11 105 0
11 106 0
11 107 1
11 108 1
11 109 0
